1 527 351 24 10
2 384 468 27 21
3 547 294 19 13
4 910 172 19 18
5 409 238 25 10
6 677 768 28 15
7 864 215 15 23
8 961 184 13 24
9 469 837 27 24
10 732 616 10 21
11 755 237 24 22
12 63 940 17 18
13 381 528 27 18
14 964 69 28 20
15 464 847 10 22
16 777 846 24 17
17 323 659 26 12
18 456 31 22 6
19 252 240 14 18
20 742 392 19 17
21 607 796 24 19
22 330 946 23 15
23 890 419 29 20
24 683 508 15 14
25 735 167 10 3
26 772 736 28 27
27 712 413 6 3
28 829 51 29 26
29 128 330 29 22
30 475 927 12 14
31 921 59 24 28
32 409 852 29 16
33 391 577 23 22
34 123 173 20 13
35 292 780 25 27
36 452 786 27 29
37 537 74 28 27
38 943 46 27 18
39 732 163 19 13
40 226 306 18 24
41 591 834 13 15
42 478 863 23 13
43 710 408 16 24
44 59 450 20 17
45 973 165 17 18
46 768 223 26 27
47 254 654 24 13
48 157 961 19 29
49 965 552 19 19
50 521 805 11 19
51 729 906 19 27
52 210 340 17 17
53 345 447 27 22
54 957 562 11 29
55 655 610 23 12
56 469 206 17 15
57 717 448 28 24
58 494 88 29 17
59 906 982 26 11
60 865 539 23 27
61 308 521 27 20
62 746 452 20 14
63 831 632 19 20
64 81 119 13 22
65 367 881 10 28
66 672 435 12 16
67 171 727 21 20
68 143 28 12 23
69 618 127 23 26
70 914 36 16 19
71 353 827 11 24
72 593 308 18 20
73 105 433 19 27
74 843 818 27 25
75 562 275 24 20
76 334 185 29 29
77 756 32 24 17
78 796 388 18 25
79 862 122 10 28
80 297 776 16 22
81 233 80 25 20
82 903 335 25 12
83 396 481 15 15
84 939 112 13 13
85 740 842 12 16
86 941 902 19 25
87 439 495 13 25
88 799 753 21 19
89 764 110 29 15
90 179 241 13 15
91 799 328 19 26
92 194 262 14 29
93 305 169 20 26
94 978 563 20 24
95 292 254 7 15
96 409 350 16 18
97 943 712 10 22
98 667 975 27 15
99 652 39 24 23
100 61 13 15 24
101 31 646 16 28
102 13 738 18 14
103 913 417 26 17
104 56 302 14 28
105 675 758 23 13
106 427 237 21 20
107 871 205 19 25
108 563 88 25 25
109 923 371 17 12
110 26 127 13 27
111 875 293 28 15
112 767 409 14 21
113 390 419 28 25
114 438 211 20 10
115 160 41 20 21
116 754 302 21 19
117 146 930 21 13
118 806 77 10 24
119 390 722 15 16
120 339 81 16 18
121 453 442 16 17
122 880 714 28 26
123 952 929 29 25
124 843 432 14 11
125 620 343 29 22
126 102 576 26 16
127 10 682 13 16
128 81 896 18 10
129 884 555 15 26
130 70 784 10 12
131 32 428 19 13
132 14 926 14 20
133 219 107 18 13
134 517 57 29 28
135 658 788 11 27
136 273 315 10 15
137 598 306 10 11
138 797 408 12 25
139 156 204 7 10
140 40 534 25 23
141 649 872 16 16
142 271 648 25 19
143 856 10 10 11
144 916 155 26 17
145 845 635 20 16
146 186 217 20 15
147 756 742 19 22
148 399 409 14 22
149 57 166 20 20
150 975 560 20 15
151 89 81 12 11
152 478 336 22 11
153 772 305 15 24
154 940 556 22 10
155 539 912 16 24
156 910 408 14 23
157 473 843 14 29
158 819 883 15 16
159 948 481 29 17
160 761 34 10 12
161 171 456 10 14
162 705 463 18 16
163 483 845 26 20
164 254 244 6 9
165 955 182 28 29
166 156 377 17 20
167 471 680 26 24
168 652 64 14 19
169 356 477 14 19
170 233 48 14 13
171 827 547 25 14
172 385 294 15 17
173 635 285 15 12
174 181 217 10 24
175 447 681 12 14
176 21 543 16 12
177 170 336 20 26
178 232 237 20 14
179 40 387 19 12
180 216 813 15 25
181 806 393 10 23
182 234 192 28 13
183 917 40 6 16
184 430 827 18 20
185 684 251 25 10
186 114 340 12 15
187 597 187 20 16
188 598 954 19 10
189 370 75 28 25
190 96 772 29 27
191 969 178 11 28
192 618 458 22 16
193 533 62 26 23
194 445 80 24 27
195 171 749 23 25
196 427 251 23 25
197 780 317 18 22
198 613 684 18 16
199 153 408 12 13
200 290 884 4 12
201 500 90 29 23
202 628 320 27 19
203 387 257 10 17
204 967 799 19 16
205 397 124 10 20
206 770 10 26 22
207 925 362 28 19
208 528 959 22 20
209 876 165 19 20
210 20 934 11 15
211 67 588 20 12
212 925 7 15 12
213 121 186 26 10
214 425 208 21 13
215 871 570 12 29
216 882 261 11 29
217 938 206 27 17
218 386 485 10 28
219 198 932 11 19
220 173 347 20 26
221 260 222 19 19
222 208 592 23 12
223 879 526 21 16
224 211 691 20 13
225 950 394 11 23
226 289 642 15 17
227 340 81 16 27
228 813 968 23 19
229 160 938 20 12
230 29 33 19 17
231 896 270 18 25
232 781 750 21 18
233 298 598 11 10
234 261 871 15 27
235 294 497 22 25
236 362 53 15 20
237 850 193 22 20
238 317 205 28 15
239 670 848 18 12
240 925 379 19 23
241 434 745 16 18
242 388 4 12 12
243 969 97 22 20
244 269 834 27 24
245 574 828 21 23
246 415 229 26 18
247 196 688 29 21
248 149 52 20 11
249 957 620 24 22
250 962 720 13 24
251 674 441 20 28
252 948 395 24 28
253 100 721 20 23
254 814 573 12 19
255 757 405 10 20
256 817 633 19 16
257 741 49 18 18
258 923 715 21 23
259 398 358 12 25
260 625 662 23 28
261 38 49 13 22
262 230 800 22 23
263 127 112 15 28
264 229 240 27 12
265 699 80 22 26
266 877 525 21 13
267 266 741 17 21
268 297 379 11 13
269 103 469 15 24
270 955 761 19 24
271 371 244 27 23
272 813 964 18 23
273 887 857 21 29
274 582 337 19 20
275 209 439 25 14
276 560 186 14 18
277 18 340 23 13
278 659 347 21 22
279 923 928 29 16
280 776 916 14 24
281 296 143 13 13
282 26 912 23 18
283 980 326 15 13
284 628 910 12 21
285 454 356 21 18
286 74 368 13 22
287 6 657 28 17
288 595 719 20 29
289 934 75 23 23
290 618 337 24 13
291 777 632 17 11
292 247 164 29 21
293 625 920 14 27
294 0 376 25 25
295 252 176 25 17
296 772 262 28 17
297 264 385 18 14
298 181 819 21 24
299 326 192 17 18
300 392 611 15 29
301 625 815 10 10
302 191 760 20 14
303 398 582 24 26
304 328 837 28 12
305 728 617 23 11
306 835 357 15 10
307 69 941 15 10
308 811 957 21 15
309 92 796 12 20
310 652 972 14 12
311 133 766 21 20
312 550 169 24 23
313 515 985 22 11
314 980 12 10 15
315 754 945 26 18
316 855 418 10 28
317 971 846 20 22
318 6 135 20 10
319 449 751 12 18
320 704 428 26 16
321 571 210 27 15
322 498 4 10 13
323 745 299 22 13
324 341 852 19 13
325 26 663 28 18
326 864 42 20 15
327 135 148 24 28
328 256 215 12 28
329 467 499 22 11
330 836 259 12 11
331 46 879 27 22
332 498 950 27 25
333 973 645 23 24
334 752 417 5 5
335 136 97 12 20
336 660 170 14 19
337 351 819 19 26
338 556 363 29 29
339 566 381 13 23
340 780 721 28 10
341 799 945 13 29
342 874 135 20 14
343 47 158 16 10
344 426 611 12 21
345 864 334 26 24
346 356 905 27 10
347 503 522 13 21
348 187 965 22 11
349 591 774 11 19
350 764 192 15 13
351 935 563 18 26
352 772 413 20 19
353 975 365 18 29
354 355 652 13 29
355 665 35 14 19
356 291 136 27 26
357 335 341 20 13
358 26 146 25 25
359 305 593 19 20
360 330 702 19 15
361 589 605 21 13
362 250 867 29 12
363 854 124 27 13
364 266 582 20 12
365 520 445 15 18
366 11 744 12 17
367 92 624 28 14
368 181 307 24 29
369 397 815 23 28
370 319 51 20 11
371 922 705 11 21
372 300 755 19 14
373 331 987 17 8
374 832 634 20 12
375 576 38 17 25
376 923 402 22 11
377 544 898 24 21
378 369 15 21 24
379 141 130 10 28
380 711 333 22 26
381 390 881 29 13
382 975 0 14 17
383 863 703 22 21
384 68 658 28 15
385 934 919 21 27
386 941 476 15 18
387 547 12 13 22
388 455 440 26 21
389 443 348 24 20
390 663 137 12 10
391 239 727 22 13
392 465 762 10 13
393 142 7 24 22
394 519 829 10 28
395 851 784 25 21
396 515 319 16 10
397 74 437 18 21
398 117 123 19 27
399 220 354 25 27
400 797 320 25 20
401 437 711 19 21
402 860 780 19 23
403 273 920 13 20
404 658 34 15 12
405 890 17 21 19
406 836 120 23 19
407 896 300 28 12
408 969 247 11 25
409 185 238 10 23
410 895 5 14 26
411 971 948 22 12
412 960 77 11 14
413 461 93 11 26
414 757 448 15 10
415 714 411 29 11
416 847 205 4 7
417 972 625 17 27
418 749 64 17 24
419 732 397 29 13
420 329 579 18 12
421 25 208 23 10
422 689 205 17 19
423 698 553 25 23
424 267 258 14 18
425 634 182 17 18
426 203 51 14 21
427 643 829 26 22
428 791 959 29 29
429 934 3 28 10
430 239 748 20 14
431 210 767 25 16
432 207 932 20 14
433 811 93 22 21
434 628 425 18 27
435 591 716 19 12
436 856 42 19 12
437 635 313 24 26
438 626 186 11 12
439 438 712 22 27
440 111 736 21 10
441 332 452 20 10
442 202 426 21 17
443 445 613 28 21
444 169 741 20 16
445 807 114 29 24
446 208 649 17 19
447 627 593 25 10
448 28 815 20 25
449 354 701 7 10
450 970 852 13 20
451 348 99 11 21
452 449 840 21 29
453 437 706 24 23
454 742 100 12 29
455 481 166 12 11
456 332 392 13 28
457 557 718 24 20
458 819 876 25 16
459 975 324 15 26
460 26 202 10 19
461 862 76 13 23
462 792 47 19 17
463 511 305 16 13
464 794 596 25 25
465 745 556 17 17
466 227 705 20 13
467 221 87 13 14
468 922 771 27 24
469 861 720 29 10
470 729 521 23 16
471 485 495 10 21
472 26 736 29 15
473 453 26 29 20
474 361 87 28 24
475 199 667 28 15
476 47 217 28 24
477 967 538 15 15
478 725 115 20 23
479 494 900 15 11
480 320 625 20 15
481 690 511 13 10
482 430 391 12 17
483 949 467 27 23
484 857 50 11 19
485 502 480 22 18
486 64 170 28 25
487 971 542 7 4
488 917 337 12 15
489 0 877 11 12
490 453 62 24 28
491 861 544 15 15
492 750 751 22 11
493 939 382 24 21
494 761 188 10 27
495 168 467 21 19
496 743 937 18 10
497 790 118 14 22
498 760 384 24 29
499 83 367 29 20
500 89 672 22 21
501 354 184 20 19
502 206 204 13 20
503 338 563 14 28
504 918 167 26 18
505 631 788 28 13
506 89 332 7 15
507 441 390 18 14
508 305 961 26 10
509 637 722 24 16
510 543 851 15 10
511 387 604 10 24
512 410 950 19 25
513 750 306 24 29
514 422 473 24 26
515 947 731 20 12
516 328 420 25 27
517 488 893 17 20
518 462 777 19 21
519 234 682 15 20
520 867 12 15 19
521 434 879 14 23
522 671 347 18 19
523 770 299 23 24
524 193 753 25 13
525 321 754 11 12
526 402 560 19 18
527 430 688 25 26
528 42 374 14 18
529 186 927 20 19
530 477 497 15 23
531 516 777 25 23
532 65 113 24 21
533 291 167 15 29
534 898 461 27 16
535 337 106 17 20
536 336 344 10 22
537 137 706 29 18
538 552 704 17 18
539 144 821 29 13
540 213 106 21 21
541 482 193 17 22
542 329 984 29 15
543 28 264 21 29
544 960 431 14 23
545 196 674 16 21
546 310 31 19 25
547 98 344 25 15
548 762 103 11 16
549 315 723 11 13
550 872 9 16 25
551 172 289 26 19
552 341 471 10 11
553 500 630 22 25
554 405 701 26 27
555 480 339 11 4
556 736 251 27 24
557 948 275 12 18
558 823 578 26 20
559 503 0 14 19
560 336 533 28 13
561 498 736 28 28
562 749 210 26 27
563 810 40 21 20
564 283 282 12 24
565 498 33 14 12
566 594 490 26 20
567 764 783 19 11
568 219 329 27 16
569 445 492 16 12
570 578 788 16 18
571 323 826 21 13
572 65 222 22 18
573 642 750 19 20
574 933 387 22 19
575 144 322 25 13
576 173 923 14 24
577 637 45 26 14
578 21 559 23 28
579 646 880 10 26
580 495 899 23 29
581 416 842 23 20
582 621 121 13 19
583 978 239 17 27
584 724 627 21 13
585 503 751 18 5
586 559 84 14 15
587 904 786 22 26
588 62 691 12 25
589 50 499 14 22
590 474 367 26 18
591 290 508 17 16
592 274 895 12 26
593 654 734 16 19
594 131 167 29 16
595 818 739 19 23
596 586 269 19 17
597 690 760 28 25
598 214 691 15 18
599 858 30 14 18
600 357 202 21 23
601 452 2 23 29
602 978 663 12 12
603 362 853 23 12
604 288 299 14 14
605 680 750 15 10
606 906 953 19 17
607 369 496 11 18
608 555 827 19 28
609 614 95 15 18
610 227 755 20 21
611 942 548 28 10
612 908 314 17 28
613 643 0 12 22
614 26 668 11 11
615 124 50 10 21
616 465 174 23 18
617 22 197 26 23
618 711 854 17 29
619 266 541 23 14
620 300 872 19 22
621 977 101 18 22
622 523 960 15 29
623 387 90 11 18
624 262 264 15 25
625 177 155 29 12
626 132 161 23 26
627 46 769 24 19
628 840 51 15 18
629 273 401 23 25
630 392 580 18 25
631 74 380 6 6
632 709 25 11 16
633 223 201 14 28
634 25 115 12 28
635 36 351 22 26
636 540 596 10 20
637 703 772 29 22
638 51 668 23 26
639 181 212 28 11
640 376 2 28 24
641 654 34 29 12
642 792 716 18 27
643 390 634 16 14
644 303 945 21 22
645 754 123 17 11
646 565 594 19 16
647 699 871 20 23
648 363 74 12 24
649 275 388 22 25
650 776 557 26 20
651 683 847 12 21
652 599 848 22 10
653 78 599 24 21
654 123 565 29 16
655 232 712 24 20
656 392 862 11 27
657 199 104 24 18
658 36 609 20 24
659 755 478 23 16
660 136 772 13 10
661 13 977 28 16
662 575 423 14 21
663 720 586 26 11
664 948 907 8 12
665 221 730 27 20
666 28 352 26 11
667 129 777 24 18
668 454 857 25 23
669 53 457 12 13
670 607 558 25 10
671 71 839 10 26
672 174 755 12 20
673 290 251 12 24
674 142 351 21 22
675 476 376 29 10
676 972 770 27 28
677 488 214 26 14
678 87 785 15 18
679 638 11 19 28
680 896 977 11 16
681 96 948 27 24
682 135 371 10 23
683 815 113 24 24
684 263 820 25 19
685 943 140 29 23
686 546 30 12 15
687 278 379 11 26
688 239 494 27 17
689 43 542 15 4
690 847 84 21 10
691 54 681 24 16
692 665 121 19 26
693 473 90 12 10
694 284 224 29 24
695 271 969 22 13
696 893 324 14 14
697 892 510 10 17
698 827 808 16 20
699 559 53 18 24
700 839 105 29 29
701 691 970 20 16
702 821 736 16 10
703 583 212 29 22
704 348 850 11 25
705 180 520 14 22
706 824 92 26 29
707 632 174 10 27
708 822 95 29 19
709 940 563 11 16
710 825 837 27 28
711 601 429 18 15
712 700 453 17 15
713 901 96 24 14
714 617 62 23 11
715 738 575 15 17
716 605 593 27 15
717 802 865 25 14
718 564 594 13 17
719 33 52 12 14
720 112 152 13 11
721 757 392 20 28
722 520 317 10 10
723 746 9 11 23
724 291 53 21 14
725 554 93 17 27
726 596 172 15 28
727 441 878 13 14
728 802 424 28 14
729 293 188 23 29
730 539 108 22 15
731 296 293 20 25
732 290 523 27 26
733 700 852 16 26
734 919 478 23 21
735 664 850 15 13
736 72 612 27 27
737 872 73 15 23
738 891 7 21 10
739 754 381 21 15
740 670 38 27 16
741 269 327 24 22
742 735 619 24 21
743 632 338 27 12
744 178 346 14 28
745 656 599 20 12
746 94 494 20 15
747 393 960 13 16
748 887 265 18 13
749 362 337 10 28
750 890 192 24 28
751 599 973 13 17
752 61 316 25 28
753 647 28 19 24
754 194 649 29 24
755 43 36 24 18
756 147 396 29 16
757 70 372 19 25
758 305 758 13 10
759 281 165 11 21
760 317 838 15 14
761 216 333 29 14
762 19 984 12 13
763 17 894 26 12
764 174 386 12 27
765 180 743 15 10
766 75 855 15 21
767 946 533 29 23
768 477 511 17 22
769 519 480 23 12
770 775 272 21 25
771 510 332 28 24
772 900 26 24 12
773 605 343 29 23
774 216 860 29 26
775 200 263 15 17
776 343 313 17 10
777 407 472 13 11
778 780 175 14 22
779 852 214 21 20
780 477 699 24 17
781 593 598 24 25
782 798 308 27 28
783 740 38 11 13
784 222 492 27 24
785 740 757 11 25
786 635 850 23 12
787 295 17 29 27
788 297 388 14 11
789 753 78 27 29
790 216 681 12 27
791 273 530 14 26
792 815 40 27 19
793 869 594 17 22
794 265 972 22 18
795 904 568 21 16
796 824 386 28 23
797 727 448 19 25
798 516 639 14 14
799 287 365 19 29
800 701 889 12 13
801 25 896 8 6
802 321 624 12 14
803 600 282 16 16
804 952 399 10 17
805 41 609 29 13
806 489 605 14 29
807 361 493 18 12
808 316 357 12 28
809 714 401 10 11
810 194 927 26 20
811 952 280 10 17
812 960 208 22 29
813 744 225 17 20
814 787 931 18 24
815 863 939 23 20
816 548 201 15 23
817 262 362 22 25
818 297 651 16 14
819 454 753 24 27
820 772 900 17 18
821 375 737 17 23
822 209 216 23 29
823 487 280 18 15
824 847 71 12 23
825 808 688 15 29
826 593 599 18 13
827 633 977 28 10
828 585 277 13 16
829 632 722 18 11
830 320 931 25 21
831 866 693 18 14
832 136 797 26 29
833 249 705 12 5
834 851 460 23 27
835 114 148 21 13
836 970 756 29 17
837 213 434 28 23
838 105 505 28 11
839 334 666 13 13
840 162 208 23 17
841 671 397 17 25
842 729 47 28 20
843 959 868 18 28
844 69 829 17 23
845 473 795 11 14
846 359 637 29 12
847 349 205 10 12
848 430 488 18 18
849 924 35 16 18
850 712 27 4 10
851 894 278 13 26
852 66 321 16 6
853 311 375 13 20
854 821 803 11 17
855 28 147 22 20
856 165 932 20 18
857 254 895 12 10
858 307 837 28 29
859 705 206 18 18
860 102 283 26 25
861 444 620 14 24
862 652 758 12 17
863 210 334 14 27
864 948 557 24 11
865 51 708 17 14
866 190 475 29 17
867 665 778 13 17
868 337 475 25 26
869 533 521 23 14
870 35 347 29 23
871 109 342 23 14
872 892 869 28 26
873 325 944 10 26
874 22 195 14 26
875 46 714 24 11
876 617 337 12 25
877 98 950 22 19
878 823 492 13 29
879 853 264 10 18
880 410 843 28 29
881 207 654 14 22
882 736 22 18 15
883 173 963 29 12
884 5 878 27 13
885 906 949 17 27
886 868 82 14 16
887 517 967 13 20
888 606 958 26 16
889 206 691 15 21
890 254 909 21 13
891 428 123 20 10
892 547 100 10 26
893 67 452 29 15
894 833 811 18 26
895 561 636 24 13
896 701 748 28 20
897 766 432 24 15
898 869 31 16 14
899 935 471 19 19
900 343 465 15 11
901 630 458 29 12
902 30 919 6 5
903 494 40 17 18
904 599 671 23 13
905 506 103 20 17
906 104 56 23 11
907 110 154 13 15
908 508 36 17 18
909 24 128 15 21
910 214 676 16 27
911 265 894 18 24
912 158 226 29 19
913 79 505 27 25
914 4 670 11 16
915 912 838 27 25
916 277 352 16 22
917 661 399 11 22
918 410 461 20 24
919 261 220 27 18
920 396 116 10 13
921 313 839 24 12
922 784 329 5 11
923 217 475 29 23
924 938 56 11 10
925 468 86 26 14
926 920 396 26 18
927 895 469 10 11
928 821 483 11 24
929 862 663 19 10
930 904 93 18 20
931 195 803 22 22
932 40 327 27 19
933 16 47 18 19
934 344 854 12 8
935 551 510 18 12
936 100 299 19 26
937 195 426 11 17
938 541 379 18 23
939 759 712 10 25
940 708 858 4 13
941 30 937 24 10
942 346 318 11 16
943 452 667 11 21
944 477 202 10 15
945 16 747 13 15
946 15 55 10 10
947 718 907 25 25
948 790 128 22 23
949 226 692 27 22
950 322 759 11 18
951 458 918 26 12
952 308 34 11 18
953 523 802 26 26
954 549 107 4 13
955 909 597 21 29
956 332 488 12 16
957 937 897 27 26
958 905 971 10 28
959 558 643 23 29
960 590 961 10 28
961 830 264 16 12
962 773 323 27 28
963 941 85 9 9
964 753 477 12 25
965 905 402 25 13
966 877 51 27 10
967 149 706 20 11
968 162 517 29 28
969 634 755 22 16
970 80 809 26 27
971 22 384 15 10
972 882 659 21 28
973 23 131 28 27
974 205 529 16 18
975 512 822 28 21
976 278 412 28 22
977 508 627 29 10
978 569 74 25 15
979 495 610 17 14
980 659 334 10 26
981 980 801 14 23
982 851 408 12 14
983 726 871 27 19
984 175 972 20 12
985 97 578 11 15
986 75 265 18 22
987 737 838 12 10
988 976 569 21 11
989 255 584 28 12
990 963 919 14 22
991 369 65 21 29
992 916 563 23 13
993 208 376 29 24
994 85 268 16 12
995 300 424 18 20
996 581 295 20 27
997 827 840 21 20
998 580 436 20 15
999 341 405 10 18
1000 560 78 10 11
1001 120 4 29 26
1002 543 607 15 15
1003 1 845 10 14
1004 257 731 21 21
1005 70 779 12 10
1006 21 565 10 20
1007 175 207 11 19
1008 350 853 6 14
1009 824 545 12 13
1010 431 64 28 28
1011 451 677 10 10
1012 445 678 17 23
1013 73 193 10 14
1014 650 794 23 16
1015 264 966 17 28
1016 320 425 27 23
1017 74 695 16 21
1018 340 944 28 10
1019 333 469 24 29
1020 686 542 22 28
1021 496 39 21 21
1022 869 923 14 21
1023 871 907 26 25
1024 84 330 21 21
1025 329 714 24 22
1026 813 474 15 25
1027 761 550 23 25
1028 698 352 28 11
1029 531 16 19 10
1030 312 503 19 25
1031 297 302 20 24
1032 476 801 13 22
1033 350 539 16 11
1034 480 788 16 17
1035 316 881 13 18
1036 975 365 19 28
1037 84 89 19 17
1038 616 542 10 24
1039 931 532 27 26
1040 601 673 17 7
1041 874 135 26 17
1042 532 180 23 16
1043 476 2 29 18
1044 97 435 18 25
1045 812 812 5 10
1046 865 63 17 20
1047 913 158 21 15
1048 78 412 16 23
1049 864 137 13 11
1050 385 637 24 19
1051 122 494 15 28
1052 942 101 29 21
1053 288 153 27 15
1054 802 898 23 17
1055 447 182 24 10
1056 598 599 10 22
1057 622 812 13 18
1058 685 850 6 14
1059 656 523 22 25
1060 904 109 25 12
1061 28 139 7 11
1062 23 809 25 20
1063 391 954 12 17
1064 474 19 14 22
1065 204 579 20 23
1066 314 863 22 25
1067 573 235 16 14
1068 520 446 15 12
1069 355 662 17 19
1070 70 408 27 26
1071 769 519 18 17
1072 554 905 4 5
1073 948 834 29 13
1074 276 856 21 24
1075 975 453 17 24
1076 735 723 27 15
1077 82 397 20 18
1078 162 500 14 28
1079 411 88 12 24
1080 830 703 22 25
1081 227 862 23 11
1082 523 78 15 26
1083 363 876 13 29
1084 741 767 26 28
1085 934 379 13 29
1086 13 541 27 27
1087 738 521 10 13
1088 253 967 16 12
1089 440 729 15 24
1090 245 491 22 14
1091 405 69 18 21
1092 303 207 24 29
1093 896 72 12 28
1094 704 440 17 19
1095 666 157 14 28
1096 229 742 11 14
1097 964 880 23 16
1098 855 20 29 29
1099 307 590 19 13
1100 79 340 26 19
1101 315 591 11 14
1102 216 651 15 13
1103 575 387 19 14
1104 17 416 19 23
1105 132 32 19 23
1106 146 316 24 21
1107 121 131 18 22
1108 921 835 24 13
1109 233 42 16 24
1110 215 80 22 13
1111 624 808 17 15
1112 805 807 16 19
1113 845 195 13 27
1114 119 20 21 20
1115 596 950 18 19
1116 904 203 26 12
1117 176 150 10 28
1118 436 759 16 16
1119 949 388 29 21
1120 643 532 16 24
1121 279 411 25 25
1122 865 141 11 19
1123 755 752 13 25
1124 189 346 10 23
1125 928 599 17 28
1126 935 376 14 25
1127 68 585 10 25
1128 940 553 21 27
1129 586 944 21 24
1130 216 58 28 27
1131 760 390 26 23
1132 7 843 15 11
1133 772 529 11 17
1134 453 774 10 10
1135 148 216 22 18
1136 481 514 25 19
1137 972 755 20 22
1138 80 425 11 6
1139 641 289 19 17
1140 750 412 10 18
1141 17 142 25 11
1142 434 431 13 13
1143 301 602 11 19
1144 664 736 17 23
1145 152 222 21 16
1146 555 234 22 17
1147 816 387 18 13
1148 783 165 17 23
1149 397 681 12 26
1150 83 339 13 15
1151 402 447 20 21
1152 201 95 10 22
1153 784 256 28 10
1154 58 374 22 15
1155 213 472 14 10
1156 807 59 16 23
1157 126 26 25 26
1158 888 493 13 20
1159 613 421 27 15
1160 361 815 29 13
1161 656 175 10 26
1162 962 429 21 18
1163 884 922 15 23
1164 931 179 14 12
1165 830 838 14 18
1166 154 201 15 17
1167 19 962 27 24
1168 536 929 15 10
1169 225 864 16 21
1170 956 390 22 11
1171 18 915 27 25
1172 153 487 28 16
1173 470 261 23 23
1174 384 530 20 17
1175 218 873 18 21
1176 829 416 25 22
1177 132 548 18 20
1178 106 467 28 12
1179 310 418 23 26
1180 94 894 19 11
1181 607 96 24 13
1182 223 74 12 19
1183 749 424 14 15
1184 626 41 21 10
1185 772 769 28 23
1186 199 114 28 29
1187 519 968 21 25
1188 210 727 10 26
1189 792 859 28 24
1190 658 180 28 13
1191 759 250 20 15
1192 473 176 15 10
1193 565 819 18 13
1194 568 842 21 20
1195 36 277 29 21
1196 46 137 18 22
1197 859 248 16 22
1198 215 119 17 17
1199 475 844 18 10
1200 25 888 24 24
1201 490 609 24 29
1202 890 170 11 22
1203 627 320 26 15
1204 362 64 27 21
1205 790 956 25 25
1206 42 783 10 18
1207 967 125 28 19
1208 938 706 26 17
1209 365 888 5 11
1210 777 562 26 24
1211 166 188 28 29
1212 136 492 27 18
1213 756 112 25 12
1214 121 102 12 29
1215 225 704 27 13
1216 312 775 25 10
1217 413 851 12 14
1218 75 579 28 24
1219 817 682 27 12
1220 212 546 24 14
1221 419 207 24 12
1222 862 575 26 26
1223 611 580 15 28
1224 571 607 28 26
1225 164 401 22 25
1226 143 491 26 14
1227 962 565 19 24
1228 723 759 19 24
1229 787 615 10 15
1230 181 943 28 10
1231 246 692 19 25
1232 947 551 27 26
1233 294 57 18 17
1234 752 897 26 20
1235 745 3 29 19
1236 420 613 19 12
1237 433 226 29 12
1238 966 840 28 17
1239 780 434 10 16
1240 684 241 17 23
1241 357 91 10 28
1242 688 75 20 29
1243 262 497 10 25
1244 88 777 27 21
1245 671 977 22 10
1246 298 759 19 24
1247 663 349 20 23
1248 525 109 23 28
1249 841 837 20 20
1250 147 161 19 15
1251 75 161 26 21
1252 222 635 23 28
1253 839 688 27 27
1254 819 295 20 28
1255 77 378 27 23
1256 38 342 27 11
1257 934 46 14 18
1258 164 323 16 19
1259 198 482 16 16
1260 225 713 26 18
1261 292 515 18 18
1262 915 38 11 23
1263 924 121 15 29
1264 800 465 23 15
1265 215 733 12 25
1266 362 354 23 29
1267 962 547 24 25
1268 477 912 20 22
1269 518 3 23 14
1270 398 929 21 29
1271 603 70 16 15
1272 425 212 25 20
1273 753 89 28 25
1274 910 975 29 23
1275 917 113 21 25
1276 279 881 27 27
1277 84 351 18 10
1278 451 26 13 20
1279 164 240 26 14
1280 578 348 28 25
1281 472 795 15 10
1282 762 924 24 12
1283 524 792 24 13
1284 708 892 22 17
1285 50 345 16 11
1286 446 763 15 21
1287 639 794 22 13
1288 626 587 15 14
1289 54 514 16 15
1290 653 39 16 28
1291 337 441 29 21
1292 499 323 20 27
1293 18 42 25 16
1294 130 787 10 14
1295 801 246 21 27
1296 776 628 19 23
1297 826 359 17 13
1298 666 973 12 26
1299 234 662 29 19
1300 875 659 11 11
1301 607 474 11 26
1302 546 858 10 14
1303 645 745 23 18
1304 387 293 21 20
1305 347 692 28 26
1306 341 630 21 13
1307 604 405 17 29
1308 599 576 20 23
1309 793 948 11 29
1310 167 734 12 13
1311 917 167 16 15
1312 717 866 21 14
1313 617 177 19 14
1314 870 325 14 14
1315 318 568 11 26
1316 396 14 29 11
1317 176 934 20 18
1318 857 665 29 15
1319 849 465 29 23
1320 433 128 20 18
1321 137 113 27 22
1322 333 838 26 22
1323 735 64 15 18
1324 153 375 23 24
1325 416 214 21 22
1326 17 122 17 24
1327 736 44 18 12
1328 14 970 28 12
1329 233 342 17 24
1330 446 410 17 24
1331 308 708 27 23
